11,6
10,6 10,7 10,8
9,6 9,7 9,8

디지털미디어시티인근주거밀집지역

------------------------------------------------------------------------------

9,9 
8,9 8,10

성산시영아파트인근

------------------------------------------------------------------------------

11,8
10,8 10,9
DMC청구아파트인근

------------------------------------------------------------------------------
5,9 5,10 5,11 5,12 
4,11 4,12 

합정역메세나폴리스인근
------------------------------------------------------------------------------

6,11 6,12
5,11 5,12
서교동2
------------------------------------------------------------------------------

7,11 7,12
6,11 6,12
연남동빌라밀집지역
------------------------------------------------------------------------------

6,12 6,13
5,12 5,13
서교동1

------------------------------------------------------------------------------
5,15 5,16
4,15 4,16 4,17
3,16 3,17
대흥역인근
------------------------------------------------------------------------------
6,16 6,17
5,17 5,18 5, 19
마포자이아파트인근
------------------------------------------------------------------------------
6,8 6,9 6,10 6,11 6,12
5,9 5,10 5,11 5,12
서울여자고등학교인근
--------------------------------------------------------------------

마포구 
11,5 ~ 11,8
10,4 ~ 10,9
9,3 ~ 9,9
8,4 ~ 8,11
7,6 ~ 7,13
6,8 ~ 6,18
5,9 ~ 5,19
4,10 ~ 4,18
3,15 ~ 3,18